256 512 001 0
2 3 4 3 89 3 132 3 
88 4 131 2 1 3 7 1 
42 3 91 3 130 3 4 3 
129 1 90 1 1 3 3 3 
93 1 8 1 234 2 6 3 
107 4 153 4 92 4 5 3 
126 1 95 2 2 1 8 1 
94 1 5 1 142 4 7 1 
243 2 27 5 10 1 242 1 
13 1 203 4 241 3 9 1 
14 2 12 2 148 2 240 1 
19 3 239 2 11 2 125 3 
10 1 128 2 238 3 14 2 
11 2 237 2 127 3 13 2 
242 1 27 5 104 1 249 1 
189 1 50 1 153 2 141 2 
40 2 101 1 22 1 103 1 
106 2 108 3 25 2 100 3 
12 3 173 2 112 2 114 3 
107 4 179 3 153 4 189 3 
105 2 192 3 28 2 221 3 
23 4 136 2 17 1 188 1 
22 4 187 5 103 4 24 4 
106 1 25 1 186 1 23 4 
179 1 24 1 185 2 18 2 
27 5 104 1 29 1 81 2 
26 5 15 5 9 5 80 5 
31 1 29 1 79 2 21 2 
28 1 78 4 105 1 26 1 
31 2 85 2 33 2 229 2 
28 1 221 2 30 2 84 3 
83 3 33 1 110 1 114 2 
32 1 109 1 30 2 82 2 
39 3 35 4 238 4 256 3 
34 4 237 3 36 5 255 3 
240 3 254 3 37 4 35 5 
253 2 239 2 36 4 151 3 
251 4 242 2 249 2 39 3 
250 2 34 3 241 4 38 3 
42 2 17 2 136 3 220 4 
152 2 217 1 43 1 201 1 
3 3 40 2 135 1 86 2 
184 3 253 1 41 1 151 2 
212 1 200 3 214 2 137 4 
210 5 172 3 161 4 76 2 
150 2 188 1 47 4 136 2 
46 4 135 4 149 5 52 4 
170 1 100 2 128 2 49 2 
69 3 127 3 99 3 48 2 
16 1 198 4 234 2 181 2 
125 4 66 3 69 4 101 3 
130 1 53 2 215 2 47 4 
87 3 52 2 129 2 147 3 
98 2 170 2 59 2 243 3 
87 3 131 3 204 3 169 4 
57 3 79 4 63 3 95 4 
56 3 78 4 94 1 58 3 
59 3 93 3 81 4 57 3 
80 1 92 2 58 3 54 2 
144 2 61 1 83 3 91 1 
90 1 82 2 62 1 60 1 
85 1 61 1 89 1 63 1 
88 4 56 3 62 1 84 3 
162 3 65 1 198 4 67 2 
64 1 161 3 76 1 141 2 
173 1 220 3 51 3 144 2 
143 2 138 4 64 2 159 2 
71 2 154 3 158 1 146 2 
49 3 148 3 102 2 51 4 
156 1 215 2 183 2 71 2 
155 3 68 2 147 3 70 2 
75 2 73 4 226 2 207 5 
96 3 72 4 206 3 225 3 
209 3 77 2 75 2 224 4 
72 2 223 1 208 1 74 2 
77 1 228 4 65 1 45 2 
76 1 74 2 227 2 210 4 
79 5 29 4 81 5 57 4 
78 5 56 4 28 2 84 4 
59 1 243 2 81 2 27 5 
78 5 80 2 26 2 58 4 
85 2 61 2 83 4 33 2 
32 3 82 4 60 3 171 5 
85 3 31 3 63 3 79 4 
82 2 62 1 84 3 30 2 
220 4 144 3 91 2 42 2 
55 3 146 3 53 3 132 2 
2 4 63 4 95 5 89 4 
90 1 62 1 1 3 88 4 
61 1 89 1 4 1 91 1 
3 3 90 1 86 2 60 1 
59 2 93 2 6 4 98 2 
5 1 58 3 92 2 94 1 
8 1 95 2 57 1 93 1 
7 2 94 2 88 5 56 4 
73 3 168 1 183 2 150 2 
98 1 170 1 108 2 100 2 
97 1 54 2 107 2 92 2 
106 2 102 2 49 3 100 3 
48 2 97 2 18 3 99 3 
102 1 17 1 220 3 51 3 
103 1 101 1 99 2 69 2 
102 1 106 1 23 4 17 1 
105 1 26 1 15 1 200 3 
104 1 232 2 21 2 29 1 
24 1 99 2 103 1 18 2 
20 4 6 4 108 3 98 2 
97 2 179 2 107 3 18 3 
33 1 110 1 229 1 205 1 
145 1 109 1 32 1 111 4 
114 5 112 4 152 5 110 4 
239 1 151 2 111 4 19 2 
174 1 244 1 210 4 172 2 
171 4 111 5 32 2 19 3 
168 1 177 4 236 2 116 1 
117 2 247 3 199 2 115 1 
156 2 194 3 118 5 116 2 
119 4 193 4 117 5 155 5 
118 4 222 2 158 1 120 1 
121 3 157 1 191 1 119 1 
160 4 231 4 120 3 122 5 
121 5 159 3 123 4 197 5 
196 2 162 4 122 4 124 2 
161 3 172 2 195 3 123 2 
51 4 148 3 12 3 173 2 
131 2 7 1 142 4 169 3 
49 3 14 3 148 3 128 3 
203 5 13 2 48 2 127 3 
4 1 132 1 53 2 130 1 
52 1 3 3 129 1 135 1 
126 2 55 3 2 2 132 2 
129 1 131 2 87 2 1 3 
219 3 222 3 180 3 134 3 
139 3 191 2 133 3 218 3 
136 2 47 4 42 1 130 1 
135 2 22 2 40 3 46 2 
140 4 182 5 196 4 44 4 
160 4 67 4 202 4 154 5 
134 3 140 2 213 2 231 3 
139 2 197 3 137 4 212 1 
228 5 16 2 198 5 65 2 
8 4 234 5 181 5 126 4 
67 2 202 2 181 2 198 4 
60 2 171 4 86 3 66 2 
110 1 205 1 217 1 152 2 
87 3 204 3 68 2 147 3 
215 3 71 3 146 3 53 3 
69 3 125 3 11 2 127 3 
150 3 183 3 47 5 215 3 
46 2 149 3 225 2 96 2 
152 3 112 2 37 3 43 2 
151 3 41 2 111 5 145 2 
16 2 6 4 20 4 234 3 
68 3 204 4 138 5 157 3 
71 3 156 2 118 5 158 2 
117 2 247 3 70 1 155 2 
158 1 154 3 120 1 160 2 
157 1 68 1 155 2 119 1 
162 3 122 3 160 2 67 2 
121 4 138 4 159 2 157 2 
124 3 45 4 65 3 162 5 
64 3 159 3 123 4 161 5 
245 2 251 4 164 2 182 3 
250 1 244 1 167 1 163 2 
252 4 235 2 166 2 254 2 
184 3 253 1 248 2 165 2 
233 3 256 2 164 1 252 3 
247 3 206 1 115 1 96 1 
202 4 55 4 181 4 126 3 
97 1 54 2 48 1 203 4 
114 4 173 3 144 4 83 5 
124 2 45 3 245 2 113 2 
19 2 171 3 66 1 125 2 
233 3 113 1 175 1 209 2 
246 2 208 1 176 1 174 1 
207 4 235 1 175 1 177 4 
248 5 115 4 206 4 176 4 
194 3 180 3 201 2 217 2 
20 3 25 1 108 2 190 3 
178 3 216 5 193 2 133 3 
143 2 142 5 169 4 50 2 
195 4 137 5 214 3 163 3 
70 2 149 3 247 4 96 2 
43 3 166 3 201 3 236 4 
190 4 25 2 186 2 224 4 
187 2 24 1 223 1 185 2 
186 2 188 2 226 2 23 5 
187 2 46 1 225 1 22 1 
228 4 16 1 190 3 20 3 
227 4 185 4 189 3 179 3 
231 2 120 1 134 2 222 2 
230 2 21 3 213 2 232 3 
194 2 118 4 180 2 222 2 
193 2 178 3 117 3 199 3 
245 3 182 4 196 3 124 3 
123 2 197 3 195 3 137 4 
231 4 196 3 140 3 122 5 
64 4 141 5 50 4 143 4 
236 3 194 3 201 2 116 2 
44 3 232 4 249 3 104 3 
184 3 178 2 199 2 41 1 
143 2 204 3 138 4 169 4 
10 4 128 5 243 5 170 4 
146 3 202 3 55 3 154 4 
211 1 216 4 145 1 109 1 
168 1 207 4 73 3 177 4 
206 4 176 4 208 4 72 5 
207 4 75 1 175 1 209 2 
74 3 210 5 174 2 208 2 
45 5 209 5 113 4 77 4 
205 1 229 1 219 2 230 1 
232 2 44 1 140 1 213 1 
139 2 192 2 218 2 212 1 
249 2 44 2 182 3 251 4 
147 3 70 2 149 3 52 2 
219 5 217 4 205 4 180 5 
216 4 41 1 145 1 178 2 
230 2 219 3 213 2 134 3 
216 5 133 3 211 2 218 3 
86 4 66 3 101 3 40 4 
230 2 31 2 21 3 229 2 
133 3 119 2 193 2 191 2 
226 1 224 3 75 1 186 1 
223 3 74 4 227 4 185 4 
226 1 150 2 188 1 73 3 
187 2 223 1 225 1 72 2 
190 4 228 5 77 2 224 4 
189 4 227 5 141 5 76 4 
211 1 109 1 221 2 30 2 
221 2 192 2 218 2 211 1 
197 4 191 2 121 4 139 3 
212 2 105 2 200 4 192 3 
167 3 174 3 244 3 246 4 
142 5 5 2 50 2 153 3 
165 2 248 2 176 1 246 2 
248 3 199 3 115 2 184 4 
35 3 238 3 14 2 240 1 
237 3 13 3 241 5 34 4 
112 1 12 2 37 2 240 1 
36 3 239 1 11 1 237 1 
242 3 10 3 39 4 238 5 
241 3 15 1 9 1 38 2 
9 2 203 5 80 2 54 3 
164 1 245 1 233 3 113 1 
195 3 244 1 163 2 172 2 
175 2 252 4 233 4 235 2 
168 3 156 3 116 3 183 4 
236 3 177 5 166 2 235 2 
214 2 200 3 38 2 15 1 
256 2 39 2 164 1 251 3 
38 4 163 4 250 3 214 4 
165 4 246 4 255 3 167 3 
37 2 43 1 166 1 254 1 
36 3 255 1 253 1 165 2 
256 2 254 1 252 3 35 3 
250 2 167 2 255 2 34 3 
