256 256 011 3
0 2 0 4 3 89 3 132 3 
0 0 6 88 4 131 2 1 3 
0 2 0 42 3 91 3 130 3 
0 0 4 129 1 90 1 3 3 
0 0 3 93 1 8 1 234 2 
0 2 3 107 4 153 4 92 4 5 3 
0 0 1 126 1 95 2 2 1 
0 0 3 94 1 142 4 7 1 
0 0 5 242 1 
0 0 5 241 3 9 1 
0 0 3 14 2 240 1 
0 1 2 19 3 239 2 11 2 
0 0 4 10 1 238 3 
0 1 1 237 2 13 2 
0 0 4 242 1 104 1 
0 0 2 189 1 50 1 153 2 
0 0 1 40 2 101 1 22 1 103 1 
0 1 2 108 3 25 2 100 3 
0 1 2 112 2 
0 2 2 
0 1 2 221 3 
0 0 4 23 4 136 2 
0 3 1 24 4 
0 0 3 25 1 
0 0 2 179 1 
0 0 5 104 1 29 1 
0 4 0 26 5 15 5 9 5 
0 0 2 31 1 21 2 
0 0 3 28 1 105 1 
0 1 0 33 2 229 2 
0 0 4 221 2 30 2 
0 0 3 110 1 114 2 
0 0 2 32 1 109 1 
0 1 6 39 3 238 4 256 3 
0 2 3 34 4 237 3 255 3 
0 2 3 240 3 254 3 35 5 
0 1 3 253 2 239 2 36 4 151 3 
0 1 3 251 4 242 2 
0 1 4 250 2 241 4 38 3 
0 1 3 136 3 220 4 
0 0 1 43 1 201 1 
0 0 4 40 2 135 1 86 2 
0 0 3 184 3 
0 0 6 212 1 137 4 
0 1 6 76 2 
0 0 5 136 2 
0 3 1 46 4 135 4 
0 0 3 170 1 128 2 
0 1 3 127 3 48 2 
0 0 5 234 2 181 2 
0 2 2 125 4 66 3 69 4 
0 0 5 130 1 47 4 
0 1 2 52 2 129 2 
0 1 1 243 3 
0 1 5 87 3 131 3 
0 2 2 79 4 63 3 
0 0 7 56 3 78 4 
0 2 1 81 4 57 3 
0 0 4 80 1 58 3 54 2 
0 0 3 144 2 83 3 
0 0 1 82 2 60 1 
0 0 0 85 1 61 1 
0 0 7 62 1 84 3 
0 0 6 198 4 67 2 
0 0 3 64 1 76 1 141 2 
0 0 5 173 1 
0 1 2 143 2 138 4 
0 0 4 71 2 146 2 
0 1 4 49 3 148 3 
0 0 3 215 2 183 2 
0 1 2 147 3 70 2 
0 1 5 75 2 226 2 
0 2 1 96 3 72 4 225 3 
0 1 3 77 2 224 4 
0 0 2 223 1 74 2 
0 0 4 228 4 
0 0 5 76 1 227 2 
0 3 2 79 5 29 4 
0 1 7 28 2 84 4 
0 0 6 243 2 81 2 27 5 
0 1 5 78 5 26 2 
0 1 2 83 4 33 2 
0 2 3 32 3 171 5 
0 2 1 85 3 31 3 
0 0 4 82 2 30 2 
0 1 3 220 4 144 3 
0 1 3 53 3 132 2 
0 3 1 63 4 89 4 
0 0 5 90 1 62 1 
0 0 0 61 1 91 1 
0 0 3 86 2 60 1 
0 1 2 59 2 93 2 98 2 
0 0 3 58 3 94 1 
0 0 1 95 2 57 1 
0 1 5 88 5 56 4 
0 0 4 150 2 
0 0 2 98 1 170 1 
0 0 3 54 2 
0 1 2 49 3 100 3 
0 1 2 48 2 97 2 
0 0 4 102 1 220 3 51 3 
0 0 2 99 2 69 2 
0 0 3 102 1 106 1 23 4 
0 0 2 105 1 
0 0 2 21 2 
0 0 2 24 1 99 2 18 2 
0 1 5 20 4 98 2 
0 1 2 97 2 179 2 107 3 
0 0 0 110 1 
0 0 3 111 4 
0 3 2 112 4 
0 0 5 
0 0 4 210 4 172 2 
0 1 6 111 5 19 3 
0 0 4 168 1 
0 0 4 247 3 115 1 
0 1 4 156 2 116 2 
0 3 2 117 5 155 5 
0 0 4 118 4 158 1 
0 0 2 157 1 119 1 
0 2 4 160 4 120 3 
0 2 5 121 5 159 3 
0 1 4 162 4 122 4 
0 0 6 161 3 172 2 123 2 
0 1 4 148 3 12 3 173 2 
0 0 6 131 2 
0 1 4 14 3 128 3 
0 1 4 203 5 13 2 
0 0 1 130 1 
0 0 2 135 1 
0 1 1 132 2 
0 0 4 129 1 
0 1 4 222 3 180 3 
0 1 3 191 2 133 3 
0 0 4 136 2 
0 1 1 
0 3 1 140 4 196 4 
0 2 5 202 4 154 5 
0 1 2 134 3 231 3 
0 0 6 139 2 197 3 
0 1 6 228 5 16 2 198 5 
0 3 2 126 4 
0 0 6 202 2 181 2 
0 1 3 171 4 66 2 
0 0 1 110 1 217 1 152 2 
0 1 3 87 3 147 3 
0 1 4 215 3 53 3 
0 1 3 11 2 127 3 
0 1 6 150 3 47 5 
0 1 1 46 2 
0 1 2 112 2 43 2 
0 1 4 151 3 41 2 111 5 
0 1 5 20 4 234 3 
0 2 3 68 3 204 4 
0 1 4 71 3 156 2 
0 0 4 247 3 70 1 
0 0 3 158 1 154 3 
0 0 1 68 1 155 2 
0 0 6 160 2 67 2 
0 1 4 138 4 157 2 
0 2 3 45 4 65 3 162 5 
0 2 3 64 3 159 3 
0 1 3 245 2 
0 0 1 244 1 163 2 
0 1 2 252 4 235 2 
0 0 4 184 3 248 2 165 2 
0 0 5 233 3 164 1 
0 0 2 96 1 
0 2 3 55 4 126 3 
0 0 4 54 2 203 4 
0 2 4 114 4 173 3 
0 1 1 45 3 
0 0 4 19 2 
0 0 3 113 1 209 2 
0 0 1 208 1 174 1 
0 0 6 207 4 175 1 
0 3 1 115 4 206 4 176 4 
0 1 2 194 3 201 2 
0 0 5 20 3 
0 1 5 178 3 193 2 
0 1 5 142 5 169 4 
0 1 7 195 4 137 5 163 3 
0 1 3 149 3 96 2 
0 2 1 236 4 
0 1 4 190 4 25 2 
0 0 2 24 1 185 2 
0 1 3 186 2 23 5 
0 0 1 187 2 46 1 22 1 
0 0 7 20 3 
0 2 2 189 3 179 3 
0 0 3 120 1 222 2 
0 1 2 230 2 21 3 213 2 
0 0 6 194 2 118 4 
0 1 3 117 3 199 3 
0 2 1 245 3 196 3 124 3 
0 0 8 123 2 197 3 
0 2 3 231 4 122 5 
0 3 1 50 4 143 4 
0 1 2 236 3 116 2 
0 2 1 44 3 232 4 104 3 
0 0 4 184 3 199 2 
0 1 5 204 3 169 4 
0 3 2 10 4 243 5 
0 1 5 146 3 55 3 
0 0 3 216 4 145 1 109 1 
0 0 8 168 1 207 4 73 3 
0 3 1 208 4 72 5 
0 0 4 75 1 209 2 
0 1 4 74 3 210 5 
0 3 2 45 5 77 4 
0 0 1 205 1 229 1 219 2 
0 0 1 140 1 213 1 
0 0 3 139 2 218 2 
0 1 3 44 2 182 3 251 4 
0 1 2 149 3 52 2 
0 3 2 217 4 180 5 
0 0 4 41 1 178 2 
0 1 2 219 3 134 3 
0 1 5 216 5 133 3 
0 2 2 66 3 
0 1 1 229 2 
0 1 1 119 2 193 2 
0 0 2 224 3 186 1 
0 2 3 227 4 185 4 
0 0 3 226 1 150 2 188 1 
0 0 2 187 2 223 1 
0 1 7 190 4 228 5 
0 3 2 189 4 
0 0 2 109 1 
0 0 3 221 2 218 2 211 1 
0 1 5 191 2 121 4 
0 1 3 212 2 105 2 192 3 
0 2 1 174 3 244 3 
0 1 4 142 5 
0 0 3 176 1 246 2 
0 1 4 115 2 
0 0 5 238 3 
0 2 3 241 5 
0 0 2 112 1 240 1 
0 0 2 237 1 
0 2 3 242 3 
0 0 3 
0 1 4 9 2 
0 0 2 245 1 113 1 
0 0 4 172 2 
0 1 4 175 2 233 4 
0 2 1 168 3 183 4 
0 1 4 236 3 177 5 235 2 
0 0 4 214 2 200 3 38 2 15 1 
0 0 4 164 1 251 3 
0 2 3 163 4 
0 2 2 246 4 167 3 
0 0 1 43 1 166 1 254 1 
0 0 3 255 1 165 2 
0 0 5 256 2 252 3 
0 1 1 250 2 167 2 
