256 759 001
 2 2 4 2 89 2 132 2
 1 2 3 3 4 1 5 1 6 3 7 1 8 1 9 1 10 1 11 2 12 2 13 1 14 2 15 1 16 2 17 2 18 3 19 2 21 3 22 2 23 4 24 1 25 1 26 1 27 5 28 1 29 1 30 2 31 2 32 2 33 1 34 3 35 4 36 5 37 2 38 4 39 2 40 3 41 1 42 2 43 3 44 4 45 2 46 2 47 4 48 2 49 2 50 2 51 4 52 4 53 2 54 3 55 3 56 4 57 4 58 4 59 2 60 2 61 2 62 1 63 1 64 4 65 1 66 1 67 4 68 2 69 3 70 2 71 2 72 2 73 3 74 4 75 1 76 4 77 2 78 5 79 2 80 2 81 5 82 2 83 3 84 3 85 2 86 4 87 2 88 4 89 1 90 1 91 2 92 2 93 1 94 2 95 4 96 2 97 1 98 2 99 3 100 2 101 3 102 2 103 1 104 1 105 2 106 1 107 4 108 2 109 1 110 4 111 4 113 2 114 5 115 1 116 3 117 2 118 5 119 4 120 1 121 4 122 3 123 4 124 2 125 2 126 2 127 3 128 2 129 1 130 1 131 2 132 1 133 3 134 3 135 2 137 4 138 5 139 3 140 3 141 5 142 4 143 2 144 2 145 2 146 3 147 3 148 2 149 5 150 2 151 2 152 5 153 4 154 4 155 3 156 1 157 1 158 2 159 2 160 2 161 4 162 3 163 2 164 1 165 4 166 2 167 1 168 1 169 4 170 4 171 4 172 3 173 2 174 1 175 1 176 1 177 4 178 2 179 3 180 3 181 5 182 5 183 2 184 4 185 4 186 1 187 5 188 2 189 3 190 3 191 1 192 3 193 4 194 3 195 3 196 2 197 4 198 4 199 2 200 4 201 2 202 3 203 5 204 3 205 1 206 1 207 5 208 2 209 5 210 4 211 2 212 1 213 2 214 4 215 3 216 5 217 1 218 3 219 3 220 3 221 2 222 2 223 3 224 4 225 1 226 2 227 4 228 4 229 1 230 1 231 2 232 3 233 3 234 5 235 1 236 2 237 3 238 5 239 1 240 1 241 3 243 2 244 1 245 2 246 4 247 3 248 2 249 1 250 3 251 4 252 4 253 1 254 1 255 3 256 2
 2 3 4 2 42 2 91 2 130 2
 1 2 2 1 3 2 90 2 129 2
 2 1 6 2 8 2 93 2 234 2
 2 3 5 2 92 2 107 2 153 2
 2 1 8 2 95 2 126 2
 2 1 5 2 7 2 94 2 142 2
 2 1 10 2 27 2 242 2 243 2
 2 1 9 2 13 2 203 2 241 2
 2 2 12 2 14 2 148 2 240 2
 2 2 11 2 19 2 125 2 239 2
 2 1 10 2 14 2 128 2 238 2
 2 2 11 2 13 2 127 2 237 2
 2 1 27 2 104 2 242 2 249 2
 2 2 50 2 141 2 153 2 189 2
 2 2 22 2 40 2 101 2 103 2
 2 3 25 2 100 2 106 2 108 2
 2 2 12 2 112 2 114 2 173 2
 107 2 153 2 179 2 189 2
 2 3 28 2 105 2 192 2 221 2
 2 2 17 2 23 2 136 2 188 2
 2 4 22 2 24 2 103 2 187 2
 2 1 23 2 25 2 106 2 186 2
 2 1 18 2 24 2 179 2 185 2
 2 1 27 2 29 2 81 2 104 2
 2 5 9 2 15 2 26 2 80 2
 2 1 21 2 29 2 31 2 79 2
 2 1 26 2 28 2 78 2 105 2
 2 2 31 2 33 2 85 2 229 2
 2 2 28 2 30 2 84 2 221 2
 2 2 33 2 83 2 110 2 114 2
 2 1 30 2 32 2 82 2 109 2
 2 3 35 2 39 2 238 2 256 2
 2 4 34 2 36 2 237 2 255 2
 2 5 35 2 37 2 240 2 254 2
 2 2 36 2 151 2 239 2 253 2
 2 4 39 2 242 2 249 2 251 2
 2 2 34 2 38 2 241 2 250 2
 2 3 17 2 42 2 136 2 220 2
 2 1 43 2 152 2 201 2 217 2
 2 2 3 2 40 2 86 2 135 2
 2 3 41 2 151 2 184 2 253 2
 2 4 137 2 200 2 212 2 214 2
 2 2 76 2 161 2 172 2 210 2
 2 2 47 2 136 2 150 2 188 2
 2 4 46 2 52 2 135 2 149 2
 2 2 49 2 100 2 128 2 170 2
 2 2 48 2 69 2 99 2 127 2
 2 2 16 2 181 2 198 2 234 2
 2 4 66 2 69 2 101 2 125 2
 2 4 47 2 53 2 130 2 215 2
 2 2 52 2 87 2 129 2 147 2
 2 3 59 2 98 2 170 2 243 2
 2 3 87 2 131 2 169 2 204 2
 2 4 57 2 63 2 79 2 95 2
 2 4 56 2 58 2 78 2 94 2
 2 4 57 2 59 2 81 2 93 2
 2 2 54 2 58 2 80 2 92 2
 2 2 61 2 83 2 91 2 144 2
 2 2 60 2 62 2 82 2 90 2
 2 1 61 2 63 2 85 2 89 2
 2 1 56 2 62 2 84 2 88 2
 2 4 65 2 67 2 162 2 198 2
 2 1 64 2 76 2 141 2 161 2
 2 1 51 2 144 2 173 2 220 2
 2 4 64 2 138 2 143 2 159 2
 2 2 71 2 146 2 154 2 158 2
 2 3 49 2 51 2 102 2 148 2
 2 2 71 2 156 2 183 2 215 2
 2 2 68 2 70 2 147 2 155 2
 2 2 73 2 75 2 207 2 226 2
 2 3 72 2 96 2 206 2 225 2
 2 4 75 2 77 2 209 2 224 2
 2 1 72 2 74 2 208 2 223 2
 2 4 45 2 65 2 77 2 228 2
 2 2 74 2 76 2 210 2 227 2
 2 5 29 2 57 2 79 2 81 2
 2 2 28 2 56 2 78 2 84 2
 2 2 27 2 59 2 81 2 243 2
 2 5 26 2 58 2 78 2 80 2
 2 2 33 2 61 2 83 2 85 2
 2 3 32 2 60 2 82 2 171 2
 2 3 31 2 63 2 79 2 85 2
 2 2 30 2 62 2 82 2 84 2
 2 4 42 2 91 2 144 2 220 2
 2 2 53 2 55 2 132 2 146 2
 2 4 63 2 89 2 95 2
 1 2 2 1 62 2 88 2 90 2
 2 1 4 2 61 2 89 2 91 2
 2 2 3 2 60 2 86 2 90 2
 2 2 6 2 59 2 93 2 98 2
 2 1 5 2 58 2 92 2 94 2
 2 2 8 2 57 2 93 2 95 2
 2 4 7 2 56 2 88 2 94 2
 2 2 73 2 150 2 168 2 183 2
 2 1 98 2 100 2 108 2 170 2
 2 2 54 2 92 2 97 2 107 2
 2 3 49 2 100 2 102 2 106 2
 2 2 18 2 48 2 97 2 99 2
 2 3 17 2 51 2 102 2 220 2
 2 2 69 2 99 2 101 2 103 2
 2 1 17 2 23 2 102 2 106 2
 2 1 15 2 26 2 105 2 200 2
 2 2 21 2 29 2 104 2 232 2
 2 1 18 2 24 2 99 2 103 2
 2 4 6 2 20 2 98 2 108 2
 2 2 18 2 97 2 107 2 179 2
 2 1 33 2 110 2 205 2 229 2
 2 4 32 2 109 2 111 2 145 2
 2 4 110 2 112 2 114 2 152 2
 19 2 111 2 151 2 239 2
 2 2 172 2 174 2 210 2 244 2
 2 5 19 2 32 2 111 2 171 2
 2 1 116 2 168 2 177 2 236 2
 2 3 115 2 117 2 199 2 247 2
 2 2 116 2 118 2 156 2 194 2
 2 5 117 2 119 2 155 2 193 2
 2 4 118 2 120 2 158 2 222 2
 2 1 119 2 121 2 157 2 191 2
 2 4 120 2 122 2 160 2 231 2
 2 3 121 2 123 2 159 2 197 2
 2 4 122 2 124 2 162 2 196 2
 2 2 123 2 161 2 172 2 195 2
 2 2 12 2 51 2 148 2 173 2
 2 2 7 2 131 2 142 2 169 2
 2 3 14 2 49 2 128 2 148 2
 2 2 13 2 48 2 127 2 203 2
 2 1 4 2 53 2 130 2 132 2
 2 1 3 2 52 2 129 2 135 2
 2 2 55 2 126 2 132 2
 1 2 2 1 87 2 129 2 131 2
 2 3 134 2 180 2 219 2 222 2
 2 3 133 2 139 2 191 2 218 2
 2 2 42 2 47 2 130 2 136 2
 22 2 40 2 46 2 135 2
 2 4 44 2 140 2 182 2 196 2
 2 5 67 2 154 2 160 2 202 2
 2 3 134 2 140 2 213 2 231 2
 2 3 137 2 139 2 197 2 212 2
 2 5 16 2 65 2 198 2 228 2
 2 4 8 2 126 2 181 2 234 2
 2 2 67 2 181 2 198 2 202 2
 2 2 60 2 66 2 86 2 171 2
 2 2 110 2 152 2 205 2 217 2
 2 3 68 2 87 2 147 2 204 2
 2 3 53 2 71 2 146 2 215 2
 2 2 11 2 69 2 125 2 127 2
 2 5 47 2 150 2 183 2 215 2
 2 2 46 2 96 2 149 2 225 2
 2 2 37 2 43 2 112 2 152 2
 2 5 41 2 111 2 145 2 151 2
 2 4 6 2 16 2 20 2 234 2
 2 4 68 2 138 2 157 2 204 2
 2 3 71 2 118 2 156 2 158 2
 2 1 70 2 117 2 155 2 247 2
 2 1 120 2 154 2 158 2 160 2
 2 2 68 2 119 2 155 2 157 2
 2 2 67 2 122 2 160 2 162 2
 2 2 121 2 138 2 157 2 159 2
 2 4 45 2 65 2 124 2 162 2
 2 3 64 2 123 2 159 2 161 2
 2 2 164 2 182 2 245 2 251 2
 2 1 163 2 167 2 244 2 250 2
 2 4 166 2 235 2 252 2 254 2
 2 2 165 2 184 2 248 2 253 2
 2 1 164 2 233 2 252 2 256 2
 2 1 96 2 115 2 206 2 247 2
 2 4 55 2 126 2 181 2 202 2
 2 4 48 2 54 2 97 2 203 2
 2 4 83 2 114 2 144 2 173 2
 2 3 45 2 113 2 124 2 245 2
 2 2 19 2 66 2 125 2 171 2
 2 1 113 2 175 2 209 2 233 2
 2 1 174 2 176 2 208 2 246 2
 2 1 175 2 177 2 207 2 235 2
 2 4 115 2 176 2 206 2 248 2
 2 2 180 2 194 2 201 2 217 2
 2 3 20 2 25 2 108 2 190 2
 2 3 133 2 178 2 193 2 216 2
 2 5 50 2 142 2 143 2 169 2
 2 5 137 2 163 2 195 2 214 2
 2 2 70 2 96 2 149 2 247 2
 2 4 43 2 166 2 201 2 236 2
 2 4 25 2 186 2 190 2 224 2
 2 1 24 2 185 2 187 2 223 2
 2 5 23 2 186 2 188 2 226 2
 2 2 22 2 46 2 187 2 225 2
 2 3 16 2 20 2 190 2 228 2
 2 3 179 2 185 2 189 2 227 2
 2 1 120 2 134 2 222 2 231 2
 2 3 21 2 213 2 230 2 232 2
 2 4 118 2 180 2 194 2 222 2
 2 3 117 2 178 2 193 2 199 2
 2 3 124 2 182 2 196 2 245 2
 2 2 123 2 137 2 195 2 197 2
 2 4 122 2 140 2 196 2 231 2
 2 4 50 2 64 2 141 2 143 2
 2 2 116 2 194 2 201 2 236 2
 2 4 44 2 104 2 232 2 249 2
 2 2 41 2 178 2 184 2 199 2
 2 3 138 2 143 2 169 2 204 2
 2 5 10 2 128 2 170 2 243 2
 2 3 55 2 146 2 154 2 202 2
 2 1 109 2 145 2 211 2 216 2
 2 1 73 2 168 2 177 2 207 2
 2 5 72 2 176 2 206 2 208 2
 2 2 75 2 175 2 207 2 209 2
 2 5 74 2 174 2 208 2 210 2
 2 4 45 2 77 2 113 2 209 2
 2 2 205 2 219 2 229 2 230 2
 2 1 44 2 140 2 213 2 232 2
 2 2 139 2 192 2 212 2 218 2
 2 4 44 2 182 2 249 2 251 2
 2 3 52 2 70 2 147 2 149 2
 2 5 180 2 205 2 217 2 219 2
 2 1 41 2 145 2 178 2 216 2
 2 3 134 2 213 2 219 2 230 2
 2 3 133 2 211 2 216 2 218 2
 2 3 40 2 66 2 86 2 101 2
 2 2 21 2 31 2 229 2 230 2
 2 2 119 2 133 2 191 2 193 2
 2 3 75 2 186 2 224 2 226 2
 2 4 74 2 185 2 223 2 227 2
 2 1 73 2 150 2 188 2 226 2
 2 2 72 2 187 2 223 2 225 2
 2 4 77 2 190 2 224 2 228 2
 2 4 76 2 141 2 189 2 227 2
 2 1 30 2 109 2 211 2 221 2
 2 1 192 2 211 2 218 2 221 2
 2 2 121 2 139 2 191 2 197 2
 2 3 105 2 192 2 200 2 212 2
 2 3 167 2 174 2 244 2 246 2
 2 5 5 2 50 2 142 2 153 2
 2 1 165 2 176 2 246 2 248 2
 2 2 115 2 184 2 199 2 248 2
 2 3 14 2 35 2 238 2 240 2
 2 5 13 2 34 2 237 2 241 2
 2 1 12 2 37 2 112 2 240 2
 2 1 11 2 36 2 237 2 239 2
 2 3 10 2 39 2 238 2 242 2
 9 2 15 2 38 2 241 2
 2 2 9 2 54 2 80 2 203 2
 2 1 113 2 164 2 233 2 245 2
 2 2 163 2 172 2 195 2 244 2
 2 4 175 2 233 2 235 2 252 2
 2 3 116 2 156 2 168 2 183 2
 2 2 166 2 177 2 235 2 236 2
 2 1 15 2 38 2 200 2 214 2
 2 3 39 2 164 2 251 2 256 2
 2 4 38 2 163 2 214 2 250 2
 2 4 165 2 167 2 246 2 255 2
 2 1 37 2 43 2 166 2 254 2
 2 1 36 2 165 2 253 2 255 2
 2 3 35 2 252 2 254 2 256 2
 2 2 34 2 167 2 250 2 255 2